-56.76121591487757 149.26698645586498
-56.26078860093943 150.47028148392718
-58.894452511444356 145.82100094288887
-59.840648537387366 143.49695481907557
-57.17594631486818 141.32599307628652
-61.50658164197958 134.26233191966708
-64.30840513384399 142.3781170174606
-71.35304584593558 118.80941638098096
-56.45386788232122 118.64825057924689
-73.96981967459094 115.54648426740233
-63.75173830679215 102.52888723331942
-64.63262681145063 26.477526226453417
-77.7034618218915 -249.99492861076538
-78.55260334761377 108.42617331357008
-79.85604464490535 -254.0174924797638
74.89957084077854 -127.06613755362221
-74.82850414654744 14.853849313569746
79.51591873547146 182.44667837799415
79.70813795036918 -65.0009631538509
80.52117510151982 190.38556789727093
79.27644727688576 -115.86375361937046
88.02134175604341 73.7586525067175
85.7133683149431 129.41976644476446
78.29500428069173 -109.91240898945206
82.13626009041319 70.76856569547512
87.6262023525273 202.28161621529432
80.97986086988328 118.0344010795009
83.54161093968668 99.64185666424038
86.82101690933064 -139.68514930677486
86.36577937894296 153.39606875507687
